=== LAKE LEVEL GENERAL STATISTICS ===
Overall Min: 534.06 ft
Overall Max: 556.14 ft
Overall Avg: 540.40 ft
Max Rise Rate: 144.00 ft/day
Max Fall Rate: -187.20 ft/day

=== YEARLY STATISTICS ===
 Year  Min_Level  Max_Level  Avg_Level
 2002     536.42     537.17 536.774651
 2003     537.50     543.47 539.032970
 2004     537.50     545.41 539.013763
 2005     534.06     551.38 540.913073
 2006     537.50     548.36 540.103485
 2007     534.42     551.12 539.861994
 2008     537.50     555.02 545.643484
 2009     537.83     544.55 539.765777
 2010     537.57     542.16 539.755151
 2011     537.24     556.14 545.328468
 2012     535.66     546.39 537.914284
 2013     536.32     545.24 538.895535
 2014     537.60     546.65 539.980208
 2015     537.07     549.51 540.696310
 2016     537.66     545.67 540.200820
 2017     536.48     545.73 539.005157
 2018     537.57     550.98 540.766403
 2019     537.20     553.15 544.442199
 2020     536.91     546.42 540.219343
 2021     537.93     544.98 539.775670
 2022     535.73     547.77 539.940209
 2023     535.86     546.33 538.768691
 2024     536.32     544.69 538.610762
 2025     537.34     551.18 542.982231
 2026     537.99     548.29 542.631461

=== MONTHLY SEASONAL AVERAGES ===
 Month  Avg_Level
     1 540.716757
     2 540.704143
     3 542.372895
     4 543.963742
     5 543.080258
     6 541.121198
     7 540.379596
     8 538.905180
     9 537.679873
    10 537.364722
    11 537.606236
    12 538.458105

=== LOCATION FLOOD PROBABILITY (Avg per Location) ===
    Location  Flood_Probability_%
      CARTOP            18.456122
     FAIRFAX            20.816288
 OBSERVATION             6.572147
OSPREY TRAIL            15.517806
   PAYNETOWN            12.238847
   PINEGROVE            21.641441
